499,414,-391,501,404,-368,504,405,-368,506,406,-368,493,402,-379,488,401,-379,484,402,-380,505,413,-223,474,411,-278,502,429,-336,490,428,-352,528,495,-100,440,505,-194,552,601,-44,425,617,-149,593,701,-169,404,731,-230,612,723,-200,394,760,-259,612,725,-243,399,764,-304,604,718,-190,404,753,-248,533,707,36,476,715,-36,530,886,-2,486,880,-75,528,1014,206,484,1022,129,522,1017,217,482,1023,141,541,1077,70,498,1072,-22
501,416,-290,504,406,-268,507,407,-268,509,408,-268,494,404,-285,489,403,-285,485,403,-285,507,415,-131,475,411,-210,503,432,-236,492,430,-259,529,495,-7,440,506,-152,553,601,71,431,619,-120,594,701,-62,425,736,-205,612,722,-91,417,767,-236,612,724,-138,424,770,-274,604,718,-85,429,759,-220,535,711,42,478,718,-42,531,894,-6,486,884,-89,532,1039,169,479,1033,110,526,1057,177,475,1044,122,537,1107,41,494,1091,-27
499,410,-271,502,399,-254,505,400,-254,507,400,-254,492,398,-262,488,397,-262,483,397,-262,505,408,-137,474,405,-177,501,426,-225,491,424,-237,527,474,-48,441,495,-86,553,584,17,437,609,-36,594,684,-106,424,728,-119,612,707,-135,416,764,-140,611,709,-178,422,766,-187,603,703,-125,427,756,-138,534,698,4,478,705,-3,530,877,-56,484,880,-53,532,1007,113,479,1027,98,526,1012,121,481,1040,105,536,1073,-4,487,1084,-36
491,410,-384,494,400,-369,497,400,-369,500,401,-369,484,399,-370,479,399,-370,475,400,-370,501,408,-244,467,408,-249,496,426,-334,484,426,-336,527,478,-146,441,495,-133,552,587,-66,436,610,-81,588,687,-173,421,729,-169,604,708,-201,412,765,-196,602,710,-247,418,767,-239,596,705,-193,423,756,-186,530,699,-7,471,706,7,527,879,-45,474,881,-32,530,1007,132,480,1017,120,526,1039,140,487,1048,125,526,1080,-3,486,1088,-19
489,410,-382,491,399,-361,494,400,-361,497,400,-361,481,399,-367,476,399,-367,472,400,-368,499,408,-227,463,408,-245,493,426,-333,481,426,-327,526,478,-119,439,496,-133,544,589,-53,435,611,-81,574,689,-171,421,730,-180,591,708,-197,412,765,-208,589,710,-243,416,767,-252,582,705,-190,422,756,-199,528,700,0,468,706,0,526,880,-45,473,881,-44,529,1009,143,483,1017,111,526,1025,153,492,1053,117,527,1082,11,493,1094,-37
488,409,-385,489,399,-369,492,399,-369,495,400,-369,480,398,-373,475,399,-373,470,400,-373,497,407,-242,460,408,-259,492,426,-335,479,426,-337,525,474,-136,437,497,-142,542,590,-55,435,612,-82,575,689,-169,420,731,-179,592,710,-196,410,765,-205,590,712,-242,413,767,-250,584,706,-189,419,757,-199,526,700,-3,467,705,3,525,880,-53,474,881,-42,529,1009,131,486,1034,106,526,1038,141,493,1057,112,526,1085,2,493,1097,-42
485,410,-422,487,399,-407,490,400,-407,492,400,-407,477,399,-408,472,401,-408,468,402,-408,495,407,-282,459,413,-289,491,426,-372,477,426,-374,525,475,-174,437,503,-159,543,590,-96,430,616,-83,576,689,-204,420,732,-193,594,710,-232,410,766,-218,593,712,-278,411,770,-261,586,707,-224,417,758,-213,524,699,-7,464,703,7,524,880,-64,472,882,-42,528,1012,89,487,1038,86,525,1045,95,493,1058,90,522,1088,-51,493,1097,-69
486,411,-444,488,400,-427,491,400,-427,494,401,-427,478,401,-429,473,402,-429,469,403,-429,496,407,-291,460,414,-306,491,426,-391,478,428,-395,525,477,-175,437,505,-180,543,591,-96,430,618,-115,578,689,-210,419,732,-227,595,711,-239,406,766,-256,594,713,-286,407,770,-300,588,707,-231,414,758,-247,525,698,-4,464,702,4,524,878,-61,472,880,-45,528,1005,105,487,1015,85,526,1015,112,497,1055,90,523,1085,-32,498,1095,-73
486,411,-419,489,400,-402,492,400,-402,494,401,-402,479,401,-406,474,402,-406,470,403,-406,496,408,-267,460,414,-290,492,427,-366,478,428,-373,525,477,-151,438,505,-177,543,590,-77,429,618,-115,579,687,-198,419,730,-223,596,711,-228,404,764,-254,595,712,-276,405,768,-297,589,707,-220,412,757,-243,524,697,0,464,701,0,524,879,-53,473,881,-46,528,1006,108,491,1032,73,525,1039,115,498,1057,77,530,1085,-27,502,1098,-86
487,407,-418,490,397,-400,493,398,-400,496,399,-400,480,397,-406,476,397,-407,471,398,-407,498,406,-261,462,408,-295,492,423,-363,478,423,-372,525,473,-144,439,498,-185,543,587,-55,430,609,-136,584,687,-186,419,717,-248,602,709,-213,406,746,-280,602,711,-274,408,749,-319,594,706,-213,415,740,-266,524,689,0,464,695,0,525,877,-64,477,879,-59,529,1006,98,493,1038,63,527,1047,106,498,1059,67,542,1085,-37,502,1098,-99
491,407,-393,497,398,-371,500,399,-371,504,400,-371,487,397,-382,483,397,-382,479,398,-382,505,409,-225,471,408,-279,495,423,-336,483,423,-352,529,480,-106,440,498,-182,547,589,-15,429,609,-137,591,693,-136,421,718,-246,608,715,-166,411,747,-278,608,718,-217,417,750,-316,601,711,-160,422,740,-262,525,692,6,465,698,-5,527,877,-68,478,881,-66,529,1005,109,493,1019,64,527,1016,118,497,1062,69,541,1087,-24,503,1098,-98
495,408,-380,500,400,-358,504,401,-358,507,402,-358,490,398,-370,486,399,-370,483,399,-370,508,413,-213,475,408,-271,498,425,-324,486,424,-340,531,486,-95,440,498,-180,550,595,-4,429,610,-133,593,697,-129,424,719,-240,609,722,-160,414,749,-272,609,726,-209,421,752,-311,601,718,-152,427,742,-257,527,696,9,466,703,-8,529,881,-63,478,884,-65,531,1036,114,492,1041,68,527,1053,123,497,1067,73,543,1093,-19,502,1101,-93
494,408,-346,500,400,-323,504,401,-323,507,402,-323,490,398,-333,486,399,-333,482,399,-334,508,413,-180,474,408,-232,498,425,-291,486,423,-306,531,490,-64,440,498,-147,550,599,17,429,610,-114,583,706,-106,426,720,-232,595,735,-137,418,750,-271,593,740,-182,426,753,-299,586,728,-128,431,743,-245,529,697,13,470,704,-13,529,882,-59,482,884,-75,531,1045,108,493,1052,47,526,1065,115,497,1073,51,543,1099,-29,503,1108,-121
485,403,-372,490,391,-353,494,391,-353,497,391,-353,477,394,-354,473,395,-354,469,397,-354,503,400,-215,465,407,-245,493,418,-318,478,420,-318,531,476,-100,440,497,-147,547,589,-13,428,609,-105,571,706,-119,425,718,-225,581,732,-151,416,749,-261,577,736,-201,424,751,-292,571,726,-144,429,741,-239,530,697,6,470,704,-6,529,884,-67,481,887,-60,532,1044,113,493,1048,95,527,1063,124,496,1070,103,542,1098,-28,503,1106,-63
472,403,-377,477,392,-365,481,392,-365,485,391,-365,464,395,-357,461,397,-357,457,399,-357,493,399,-249,456,408,-245,483,418,-333,467,422,-323,530,477,-163,440,498,-123,547,589,-92,426,611,-57,570,706,-184,419,720,-159,581,734,-214,409,753,-185,577,738,-255,418,754,-230,571,727,-202,423,743,-180,529,697,-13,469,704,13,528,884,-100,475,886,-37,533,1049,47,493,1050,93,531,1068,52,497,1071,96,537,1104,-103,493,1107,-66
468,404,-379,473,393,-366,477,393,-366,481,392,-366,461,396,-361,457,399,-361,454,401,-361,489,400,-256,453,410,-243,480,419,-335,463,424,-328,530,477,-173,440,501,-124,547,590,-107,425,614,-61,571,705,-199,415,726,-157,583,734,-227,406,759,-182,579,738,-269,415,761,-227,573,727,-216,419,749,-178,528,697,-19,467,704,19,526,885,-94,471,886,-13,533,1047,43,488,1019,115,532,1065,47,497,1069,120,529,1104,-107,487,1104,-27
466,406,-386,471,393,-374,475,393,-374,479,393,-374,459,398,-368,455,401,-368,452,403,-368,487,401,-262,450,412,-246,478,419,-343,461,425,-334,529,477,-168,438,503,-132,546,590,-96,424,617,-71,568,705,-198,413,730,-172,580,733,-227,404,764,-199,576,737,-269,412,766,-242,570,726,-215,417,754,-192,525,699,-15,465,704,15,525,887,-87,471,888,-26,531,1032,69,488,1015,120,532,1028,74,497,1068,128,528,1103,-102,488,1104,-13
466,406,-407,470,393,-394,475,393,-394,479,393,-394,458,399,-390,455,401,-390,451,404,-390,486,401,-277,449,412,-262,477,419,-360,460,426,-355,527,477,-178,437,503,-141,545,590,-105,423,617,-77,566,704,-210,411,731,-179,577,733,-240,402,764,-208,572,736,-282,410,767,-248,567,726,-228,415,754,-197,523,699,-13,463,705,13,524,887,-90,472,888,-30,530,1018,78,489,1012,125,532,1015,85,497,1016,134,529,1101,-99,490,1101,-7
468,406,-405,473,393,-390,477,392,-390,480,392,-391,461,398,-389,457,400,-389,453,402,-389,487,399,-267,450,411,-263,478,419,-356,462,425,-354,526,473,-165,433,502,-141,542,590,-91,422,617,-81,558,701,-204,410,731,-181,566,732,-236,401,765,-208,560,734,-279,409,767,-254,556,725,-222,414,754,-197,521,699,-12,461,704,12,524,887,-85,472,888,-38,530,1013,78,489,1034,110,530,1016,88,497,1042,120,534,1101,-72,494,1101,-16
469,405,-382,473,392,-365,477,392,-365,481,392,-365,461,396,-367,458,398,-367,454,400,-367,488,399,-237,451,409,-249,478,418,-332,463,423,-336,525,473,-143,433,501,-135,538,590,-73,422,615,-78,556,701,-191,410,731,-184,563,734,-225,401,764,-213,558,736,-268,409,766,-257,554,726,-209,414,754,-202,520,697,-11,460,703,11,524,886,-84,472,888,-39,530,1006,81,490,1019,90,529,1009,90,499,1047,96,534,1098,-65,498,1100,-52
470,404,-383,473,392,-366,478,392,-367,482,392,-367,462,395,-368,458,397,-368,455,398,-369,489,399,-237,452,408,-250,479,418,-334,464,422,-337,524,473,-141,432,501,-136,536,590,-65,422,615,-80,558,706,-181,410,730,-186,567,738,-214,401,764,-214,561,742,-258,409,765,-258,557,731,-200,414,753,-204,521,697,-9,460,703,9,524,886,-85,472,888,-38,529,1007,95,491,1019,96,529,1050,106,501,1059,102,534,1098,-38,499,1101,-49
471,404,-376,474,392,-358,479,392,-358,482,392,-358,463,395,-360,459,396,-361,456,398,-361,489,399,-225,452,408,-241,479,418,-325,465,422,-330,524,474,-129,432,501,-128,536,591,-50,421,614,-73,560,709,-162,410,729,-184,569,740,-192,400,763,-212,563,745,-237,408,764,-256,559,733,-181,413,752,-202,521,697,-9,460,704,9,524,889,-86,472,888,-38,530,1037,100,492,1018,96,529,1062,111,501,1066,102,534,1100,-28,499,1103,-49
471,404,-441,475,392,-423,479,392,-423,483,392,-423,464,395,-426,460,396,-426,457,398,-426,490,399,-284,452,408,-304,480,418,-387,465,422,-393,523,474,-175,431,501,-178,536,591,-86,421,613,-112,561,709,-190,408,727,-218,572,740,-219,398,760,-247,566,744,-266,406,761,-293,560,732,-210,412,749,-238,525,696,-9,463,703,9,527,884,-56,472,888,-26,530,1003,144,491,1013,120,529,1011,156,501,1066,126,537,1086,15,498,1101,-33
471,405,-439,475,392,-419,480,392,-419,483,392,-420,464,396,-422,460,397,-422,457,399,-422,490,400,-284,453,410,-299,480,418,-386,465,423,-391,523,476,-180,432,503,-191,538,592,-108,422,613,-140,563,708,-199,409,727,-230,574,740,-226,399,759,-257,570,744,-270,406,761,-296,564,732,-217,412,749,-247,529,691,1,469,703,-1,530,836,-141,475,874,-61,531,943,88,494,1014,68,529,958,106,501,1048,72,537,996,-20,499,1085,-96
471,405,-433,476,393,-414,480,393,-414,484,392,-414,464,396,-417,460,398,-417,457,400,-417,490,400,-278,453,410,-294,480,419,-381,466,424,-385,523,476,-175,432,505,-186,539,592,-104,423,614,-138,565,708,-197,410,726,-228,577,739,-225,399,759,-254,573,743,-268,407,761,-293,567,731,-215,412,749,-245,531,689,3,471,703,-3,533,832,-165,477,868,-67,533,931,89,494,1014,61,530,944,107,501,1042,65,538,982,-14,500,1081,-99
477,409,-416,480,396,-399,483,396,-399,487,395,-399,469,400,-398,466,402,-398,462,404,-398,493,402,-277,457,413,-276,485,421,-368,472,426,-369,529,478,-170,442,506,-172,547,592,-103,431,616,-127,571,706,-195,424,726,-206,582,736,-224,416,759,-233,578,740,-266,421,761,-269,573,729,-213,426,749,-222,534,690,1,476,702,-1,535,843,0,480,866,-66,538,938,310,498,1014,29,536,951,335,504,1040,30,542,991,230,501,1081,-131
492,415,-379,496,404,-365,500,403,-365,503,402,-365,485,407,-364,482,409,-365,478,410,-365,508,408,-245,474,417,-246,500,428,-332,488,432,-332,541,482,-143,459,506,-139,554,593,-76,443,614,-91,576,704,-182,436,723,-196,587,734,-211,430,755,-225,582,739,-255,435,758,-260,576,728,-201,440,747,-211,536,691,1,482,701,-1,537,846,-38,486,867,-62,538,956,203,498,1007,41,535,968,220,504,1041,44,543,1011,108,503,1082,-113
502,418,-354,506,407,-338,510,407,-338,514,406,-338,496,410,-339,493,411,-339,489,412,-340,518,413,-220,486,419,-228,509,431,-307,497,433,-310,547,486,-128,463,506,-122,559,594,-60,447,610,-69,582,704,-161,440,720,-170,591,733,-189,434,750,-199,586,737,-231,440,753,-234,581,727,-179,445,743,-186,538,691,-2,483,699,2,539,853,-42,489,869,-40,544,972,102,497,1004,54,540,970,106,503,1009,57,547,1046,-27,501,1078,-104
504,422,-356,508,411,-340,512,411,-340,515,411,-340,499,413,-342,495,414,-342,491,414,-342,519,419,-223,486,422,-235,510,436,-310,499,437,-313,547,489,-135,463,507,-125,559,595,-65,448,610,-72,581,699,-163,443,720,-161,591,729,-190,437,750,-188,586,732,-230,443,752,-225,581,723,-181,448,742,-178,541,691,-12,486,698,12,540,855,-49,489,860,0,546,981,56,497,984,111,542,975,57,502,987,114,546,1055,-85,489,1053,-19
504,425,-360,508,415,-344,512,415,-344,515,415,-344,499,416,-347,495,417,-347,491,418,-347,519,423,-227,486,426,-242,511,439,-315,499,441,-319,547,492,-138,463,508,-134,560,596,-67,447,611,-88,580,699,-159,442,720,-171,590,729,-185,436,750,-199,586,732,-224,444,752,-238,581,722,-176,449,742,-189,542,692,-11,487,698,11,540,857,-47,489,858,6,545,982,66,495,969,146,541,977,68,498,975,153,546,1036,-68,482,1035,23
501,430,-362,504,419,-346,507,419,-346,510,419,-346,495,422,-349,491,423,-349,488,425,-349,513,426,-228,484,433,-244,508,443,-316,495,446,-321,542,494,-135,462,511,-140,557,596,-57,445,617,-94,580,695,-141,444,720,-176,588,724,-166,438,750,-204,585,726,-205,446,753,-241,580,716,-159,450,742,-194,542,694,-10,487,703,10,541,860,-35,489,860,-8,547,984,87,494,978,119,541,978,93,496,984,124,553,1039,-41,484,1043,-15
488,431,-366,491,420,-350,494,420,-350,497,419,-350,482,424,-352,479,425,-353,476,427,-353,501,425,-238,472,435,-245,496,443,-319,483,448,-324,531,495,-160,457,513,-141,552,597,-92,445,618,-88,576,688,-171,448,720,-162,585,717,-195,445,749,-184,582,717,-228,453,752,-222,577,707,-186,456,741,-178,541,694,-19,486,703,19,539,854,-39,490,849,19,546,978,74,494,971,139,541,980,76,496,976,144,547,1017,-57,480,1026,19
483,431,-355,487,420,-340,490,420,-340,493,420,-340,477,423,-341,473,425,-341,470,426,-341,498,426,-233,466,435,-237,491,443,-313,477,447,-315,528,499,-157,452,513,-140,550,599,-93,445,618,-86,571,682,-184,449,718,-165,579,708,-211,447,746,-189,578,707,-245,454,748,-225,573,698,-199,457,739,-181,541,694,-17,485,702,17,538,850,-42,490,846,17,546,975,82,494,965,152,541,979,86,496,970,158,548,1022,-45,482,1000,35
483,434,-341,487,423,-326,490,423,-326,493,422,-326,477,426,-328,473,427,-328,469,429,-328,498,429,-213,465,438,-226,491,446,-298,477,450,-302,529,505,-125,450,514,-137,549,602,-50,444,618,-87,568,684,-137,449,717,-168,576,711,-162,446,745,-197,574,711,-200,453,746,-229,570,701,-153,456,737,-183,539,694,-7,485,702,7,536,847,0,489,848,5,541,970,155,494,969,143,538,978,162,496,974,150,546,1015,38,495,1005,17
484,437,-295,488,426,-281,491,426,-281,494,425,-281,478,429,-280,475,431,-280,472,432,-281,500,432,-178,469,441,-178,492,448,-255,479,452,-255,534,505,-104,453,515,-97,550,602,-56,445,617,-53,561,686,-148,448,715,-143,567,713,-174,443,743,-170,563,713,-211,450,744,-203,559,702,-164,453,736,-158,532,694,-5,480,701,5,535,847,-19,487,848,-6,537,972,74,492,972,92,533,979,75,495,980,94,546,1017,-50,496,1010,-28
491,439,-256,496,429,-242,500,429,-242,503,428,-242,487,431,-241,484,432,-241,481,434,-241,509,435,-142,478,442,-142,499,451,-218,486,453,-218,538,505,-83,458,515,-65,550,602,-50,445,617,-26,557,686,-150,444,714,-116,561,713,-178,436,742,-142,554,714,-212,442,744,-176,551,704,-165,445,735,-131,529,695,-3,478,700,3,533,845,-26,486,848,-15,537,971,71,492,971,86,532,980,74,495,979,90,545,1013,-48,499,1006,-31
494,441,-291,500,432,-278,503,431,-278,506,431,-278,490,433,-277,487,434,-277,484,435,-277,512,438,-177,482,443,-177,501,453,-252,489,455,-252,539,504,-84,460,515,-88,551,603,-82,445,617,-42,555,687,-177,441,714,-127,558,715,-205,432,741,-151,550,714,-234,438,743,-186,547,705,-189,442,734,-143,528,695,-5,478,698,5,532,841,-32,486,845,-15,537,970,46,492,971,76,532,980,47,495,980,78,542,1013,-76,499,1003,-41
495,440,-277,501,431,-263,504,431,-263,507,430,-263,492,433,-262,489,434,-262,485,435,-262,513,437,-166,483,443,-163,502,453,-239,491,454,-239,542,504,-102,462,515,-79,552,603,-79,448,616,-35,555,687,-175,442,714,-118,559,716,-204,434,741,-142,552,715,-234,440,743,-175,549,706,-188,443,734,-133,529,694,-7,480,697,7,532,837,-30,486,838,-7,536,965,52,491,959,102,531,976,56,494,967,107,542,1008,-52,496,999,-4
495,444,-266,500,434,-251,504,433,-251,507,433,-251,491,436,-252,488,437,-252,484,438,-252,513,439,-150,482,446,-154,502,455,-228,490,458,-229,541,507,-82,461,516,-79,551,603,-38,448,616,-43,557,687,-132,448,714,-131,561,716,-158,443,740,-156,555,716,-192,450,743,-188,552,707,-147,454,734,-145,529,695,-7,481,697,7,532,836,-28,486,837,-8,536,962,68,491,960,98,529,974,71,494,969,102,542,1002,-34,495,1000,-8
491,444,-307,496,434,-293,499,433,-293,502,433,-293,487,436,-295,484,437,-295,481,438,-295,509,440,-186,478,446,-198,498,455,-265,486,458,-269,533,506,-89,457,516,-110,549,603,-46,447,617,-68,557,688,-133,449,714,-154,565,716,-157,446,741,-180,561,716,-193,454,743,-211,557,709,-149,458,734,-167,529,694,-8,480,697,8,530,838,-23,486,837,0,536,964,87,490,960,110,529,975,90,493,969,113,539,1004,-31,494,999,-7
488,443,-312,493,433,-298,495,433,-298,498,433,-298,484,435,-300,481,437,-300,478,438,-300,504,440,-192,474,446,-204,495,455,-271,483,457,-275,530,506,-92,453,517,-118,547,603,-51,445,617,-79,557,688,-139,448,713,-162,567,716,-163,446,740,-189,563,717,-199,454,741,-219,559,709,-154,457,732,-175,530,693,-8,480,697,8,530,836,-18,485,834,2,536,964,91,490,959,112,530,974,93,494,968,115,538,1002,-31,494,999,-6
487,444,-313,491,434,-298,493,433,-298,497,433,-298,482,436,-301,479,437,-301,476,438,-301,502,441,-192,471,446,-204,493,456,-271,481,457,-275,528,506,-100,451,517,-116,546,604,-40,445,617,-75,557,689,-127,448,712,-161,567,717,-151,446,738,-188,564,717,-188,453,739,-219,561,709,-143,457,730,-175,530,692,-7,480,697,7,530,836,-21,485,835,-3,535,964,93,490,961,108,530,975,96,494,970,111,538,1004,-31,494,1002,-16
484,445,-330,488,435,-316,491,435,-316,494,435,-316,479,437,-319,476,438,-319,474,439,-319,500,443,-208,470,448,-220,491,457,-287,479,459,-291,527,508,-110,450,518,-129,544,605,-45,442,617,-86,558,690,-134,442,709,-174,568,716,-158,437,736,-200,565,717,-195,444,737,-230,562,710,-150,447,729,-187,529,691,-3,479,695,3,528,836,-22,485,836,-17,534,965,88,490,962,92,529,975,90,493,971,96,538,1005,-40,497,1002,-36
484,448,-298,488,438,-284,491,438,-284,494,438,-284,479,440,-286,476,441,-286,473,442,-286,499,444,-177,469,450,-189,491,459,-255,478,461,-259,526,509,-88,450,519,-100,540,600,-34,442,616,-62,556,671,-136,438,709,-159,564,694,-161,431,736,-186,562,696,-196,437,737,-215,558,690,-152,441,729,-172,528,689,-3,479,693,3,526,835,-33,485,836,-25,532,965,73,490,962,82,528,975,76,493,972,86,537,1006,-55,501,1003,-44
484,449,-246,488,439,-231,491,439,-231,494,439,-231,479,441,-233,476,442,-233,473,443,-233,499,446,-124,469,451,-135,491,460,-204,479,463,-207,526,508,-45,450,519,-51,538,591,-7,442,616,-16,553,649,-128,436,709,-113,560,673,-159,429,736,-140,558,673,-190,435,738,-169,554,666,-144,439,729,-126,527,688,-2,479,691,2,526,834,-39,485,836,-31,531,965,61,489,963,72,527,975,63,492,972,75,537,1006,-67,502,1002,-54
485,449,-218,489,439,-202,492,439,-202,495,439,-202,480,441,-205,477,442,-205,474,444,-205,499,446,-96,469,452,-113,491,460,-177,479,463,-182,525,510,-20,451,519,-47,539,590,23,443,616,-19,554,648,-90,436,710,-109,561,666,-119,430,737,-135,558,664,-149,436,738,-164,554,658,-106,439,729,-122,527,688,1,479,691,-1,526,834,-33,485,837,-30,530,965,98,490,963,82,527,976,104,492,972,89,537,1006,-21,503,1002,-39
485,448,-165,490,439,-149,493,438,-149,495,438,-149,481,441,-151,477,442,-151,474,443,-151,500,445,-47,470,452,-56,492,460,-127,480,463,-129,526,511,2,451,518,5,540,566,-65,443,616,19,534,529,-256,438,710,-55,540,534,-297,433,737,-76,531,527,-302,438,738,-102,537,534,-264,442,730,-66,527,687,0,480,691,0,526,834,-39,486,836,-27,530,965,97,489,961,99,526,974,104,492,968,107,536,1006,-17,503,998,-13
486,448,-142,491,438,-124,494,438,-124,496,438,-124,482,441,-127,478,442,-127,475,443,-127,501,445,-20,470,452,-34,493,460,-103,481,463,-107,526,511,21,451,518,25,539,555,-75,444,616,39,511,501,-252,443,710,-28,511,499,-293,441,737,-47,513,497,-291,446,738,-71,505,493,-258,450,729,-37,528,683,0,480,689,0,526,829,-45,486,831,-26,530,963,93,489,958,99,526,973,104,492,965,106,536,1003,-23,502,995,-15
488,452,-76,491,442,-59,494,441,-59,497,441,-59,482,444,-61,479,445,-61,475,446,-61,502,447,39,471,454,25,495,464,-38,483,467,-42,526,509,66,451,518,83,537,563,-65,445,616,92,507,492,-253,443,710,25,498,481,-297,440,736,6,500,479,-289,446,738,-16,500,483,-256,450,729,15,528,682,-2,481,688,2,526,828,-43,486,831,-26,530,963,60,489,959,80,526,973,65,492,966,84,536,1003,-49,502,996,-24
488,454,-60,492,443,-43,495,442,-43,497,442,-43,483,445,-45,479,447,-45,476,448,-45,502,448,51,472,455,41,495,465,-24,483,468,-27,526,509,67,451,518,95,534,562,-70,445,616,100,504,488,-263,443,708,35,494,478,-307,439,734,16,495,476,-298,445,736,-6,497,480,-265,449,727,25,528,682,-5,481,687,5,526,827,-41,486,831,-21,529,963,47,489,960,74,525,974,49,492,968,77,536,1004,-64,502,996,-29
488,453,-83,492,443,-65,495,442,-65,497,442,-65,483,445,-69,479,446,-69,476,448,-69,502,447,39,472,455,19,495,465,-44,483,468,-50,526,509,83,451,518,68,534,566,-21,445,616,79,508,494,-193,443,707,19,500,485,-234,438,734,1,501,483,-219,444,735,-24,503,487,-195,448,727,8,528,681,1,481,685,-1,526,825,-33,486,830,-29,529,963,53,489,961,64,524,974,55,491,970,66,536,1004,-65,502,996,-51
487,451,-216,491,441,-200,494,440,-200,497,440,-200,483,443,-202,479,445,-202,476,446,-202,502,446,-95,472,454,-106,495,463,-176,483,465,-179,527,511,-11,452,519,-42,535,593,3,445,615,-7,533,652,-105,443,706,-87,537,669,-131,437,733,-112,538,670,-157,443,735,-140,534,663,-120,446,726,-100,528,681,3,481,683,-3,526,824,-30,486,829,-31,529,963,56,489,962,65,524,975,57,491,971,67,536,1004,-74,499,1008,-62
487,449,-213,491,440,-198,494,439,-198,497,439,-198,483,442,-199,479,443,-199,476,445,-199,502,446,-94,472,453,-103,495,461,-174,483,463,-177,527,512,-17,453,518,-39,548,572,-8,446,615,-8,571,645,-127,442,705,-82,580,661,-154,436,733,-103,580,651,-178,442,734,-133,575,642,-142,445,726,-95,528,680,2,481,682,-2,526,824,-28,486,829,-30,529,963,59,489,962,68,524,975,61,491,972,71,536,1004,-71,497,1012,-52
487,449,-240,491,440,-226,494,439,-226,497,439,-226,482,442,-226,479,443,-226,476,445,-226,502,445,-129,472,453,-127,494,461,-203,483,463,-202,527,513,-57,454,518,-55,550,573,-54,446,615,-16,570,618,-187,442,705,-86,579,628,-214,435,733,-106,578,624,-243,441,734,-137,573,620,-204,445,726,-100,528,679,-4,481,682,4,526,824,-28,486,828,-15,529,963,53,489,963,76,524,975,54,492,972,78,536,1007,-81,495,1014,-50
486,449,-196,490,440,-183,494,439,-183,496,439,-183,482,442,-178,478,443,-178,475,444,-178,502,446,-100,472,453,-75,494,461,-162,482,463,-156,527,508,-41,454,519,17,544,571,-66,446,615,56,554,633,-227,441,703,-36,556,657,-270,435,731,-62,545,657,-293,440,732,-93,542,651,-240,444,724,-50,526,677,-17,480,681,17,525,823,-54,486,827,-12,529,963,1,489,963,60,524,975,0,493,973,59,536,1007,-131,493,1014,-59
485,450,-282,489,440,-270,492,439,-270,495,439,-270,480,442,-269,477,444,-269,474,445,-269,501,446,-173,471,453,-168,493,461,-243,481,464,-241,527,508,-100,454,519,-75,540,586,-60,446,614,-27,551,679,-157,440,704,-117,554,707,-182,434,731,-143,547,710,-216,440,732,-177,544,700,-171,443,724,-133,523,678,-14,478,681,14,524,823,-50,486,828,-9,529,962,8,490,963,71,525,974,12,493,972,71,536,1006,-108,497,1009,-48
484,449,-321,488,440,-308,491,439,-308,494,439,-308,479,442,-308,476,444,-308,473,445,-308,500,445,-206,471,453,-206,492,461,-281,480,463,-281,527,508,-123,454,520,-110,542,593,-64,446,614,-57,554,686,-153,439,704,-146,557,712,-176,433,732,-171,552,713,-211,439,733,-203,549,704,-167,442,724,-160,523,678,-13,478,681,13,523,823,-44,486,828,-10,529,962,67,490,962,86,525,973,71,493,972,89,535,1003,-58,497,1003,-40
483,449,-324,488,440,-311,491,439,-311,494,439,-311,479,442,-311,476,443,-311,473,445,-311,499,445,-209,470,453,-208,492,460,-284,480,463,-284,527,508,-127,454,520,-114,543,598,-75,446,614,-65,555,679,-160,438,704,-154,559,703,-189,432,732,-179,555,704,-214,438,733,-211,553,697,-171,441,724,-168,524,678,-12,478,682,12,524,823,-42,486,827,-11,529,962,64,490,962,85,525,972,67,494,971,88,535,1003,-59,497,1000,-41
484,449,-327,488,440,-314,491,439,-314,494,439,-314,479,442,-313,476,443,-313,473,445,-313,499,445,-210,470,453,-210,492,460,-287,480,463,-287,529,511,-126,454,520,-115,547,598,-79,446,615,-67,560,671,-179,437,705,-157,568,693,-205,431,732,-182,565,694,-239,437,733,-214,561,687,-195,441,724,-171,524,679,-12,479,682,12,523,823,-40,486,827,-12,530,962,68,490,962,89,526,972,71,494,971,92,535,1003,-60,497,999,-37
484,449,-330,488,440,-316,491,439,-316,494,439,-316,479,442,-316,476,443,-316,473,445,-316,500,445,-212,470,453,-213,492,460,-288,480,463,-289,529,512,-126,454,520,-121,549,599,-75,446,615,-75,561,679,-173,437,705,-167,568,702,-197,431,733,-192,564,703,-234,437,734,-224,560,695,-189,441,725,-181,525,681,-10,480,684,10,523,825,-38,486,827,-13,530,962,74,491,962,89,526,972,77,495,971,92,535,1003,-52,497,1009,-37
484,448,-330,488,440,-317,491,439,-317,494,439,-317,479,442,-317,476,443,-318,473,445,-318,500,445,-212,470,453,-216,492,459,-289,480,463,-290,529,512,-124,455,520,-125,550,602,-71,446,614,-80,561,687,-155,437,706,-170,567,710,-177,431,733,-196,563,711,-213,438,734,-227,560,703,-170,441,725,-184,525,682,-8,481,685,8,524,826,-35,486,827,-14,530,962,83,491,962,93,526,972,87,495,971,96,535,1004,-42,498,1006,-33
484,448,-307,488,439,-293,491,439,-293,494,439,-293,479,442,-293,476,443,-293,473,445,-293,500,445,-191,470,453,-193,492,459,-266,480,463,-267,530,512,-113,455,520,-107,549,602,-66,446,615,-64,558,694,-146,439,707,-155,559,722,-171,436,734,-181,550,723,-204,442,736,-212,548,714,-160,444,727,-168,525,689,-7,481,692,7,523,828,-33,486,830,-14,530,962,86,491,962,95,526,972,90,495,971,99,536,1003,-33,497,1004,-27
484,448,-298,488,439,-285,491,439,-285,495,438,-285,479,442,-285,476,443,-285,473,445,-285,500,444,-183,470,452,-185,492,459,-258,480,462,-259,530,510,-108,455,520,-99,548,602,-64,446,616,-57,552,694,-147,441,708,-147,552,723,-174,439,735,-174,541,723,-205,444,737,-204,538,714,-160,446,727,-161,526,690,-7,481,694,6,523,829,-34,486,831,-17,530,962,85,491,962,93,526,972,90,495,971,97,536,1001,-31,498,1001,-27
484,448,-269,488,439,-255,492,438,-255,495,438,-255,479,442,-255,476,443,-255,473,445,-255,500,444,-153,470,452,-155,493,459,-229,480,462,-230,530,507,-88,455,520,-72,544,602,-54,446,616,-36,544,686,-152,443,708,-142,544,712,-176,441,735,-170,534,711,-211,446,736,-202,531,704,-166,449,727,-155,525,689,-7,480,693,6,523,829,-34,486,831,-17,530,962,75,491,962,82,526,972,78,495,971,85,536,1001,-41,498,1000,-37
484,448,-266,488,439,-253,492,438,-253,495,438,-253,479,442,-253,476,443,-253,473,445,-253,500,444,-151,471,452,-154,493,459,-227,480,462,-228,529,506,-84,455,519,-70,540,599,-48,446,615,-35,541,682,-149,443,707,-139,543,707,-177,440,733,-168,534,706,-210,446,734,-198,531,699,-163,448,725,-153,525,688,-7,480,692,6,523,828,-36,486,831,-19,530,961,63,491,962,73,526,971,66,495,971,75,537,1000,-56,498,998,-47
484,448,-260,488,439,-247,492,438,-247,495,438,-247,479,442,-247,476,443,-247,473,444,-247,500,444,-147,471,452,-149,493,459,-221,480,462,-222,528,505,-81,455,518,-66,538,597,-47,446,615,-33,540,681,-148,442,706,-139,542,707,-177,440,732,-166,534,706,-209,446,733,-197,531,699,-161,448,725,-152,524,688,-7,480,691,7,523,828,-36,486,830,-19,530,960,58,491,961,70,526,971,60,495,971,72,537,999,-61,498,998,-49
484,448,-286,488,439,-274,491,438,-274,495,438,-274,479,442,-274,476,443,-274,473,444,-274,500,444,-173,470,452,-174,493,459,-245,480,462,-246,528,505,-93,455,518,-87,538,599,-46,446,615,-43,540,691,-134,439,707,-139,543,719,-160,434,733,-166,534,720,-193,440,734,-198,532,711,-148,443,726,-154,524,688,-4,480,691,4,523,828,-36,486,830,-26,530,961,64,491,962,72,526,971,68,495,971,74,537,1001,-54,498,998,-50
484,448,-324,488,439,-312,491,438,-312,494,438,-312,479,442,-313,476,443,-313,473,444,-313,500,444,-208,470,452,-213,492,459,-282,480,462,-284,528,505,-113,455,518,-124,539,601,-47,446,615,-75,549,696,-135,436,708,-159,552,723,-159,430,734,-182,547,726,-193,436,735,-217,544,716,-150,439,727,-173,524,688,3,479,691,-3,523,828,-22,485,830,-30,530,961,88,491,962,73,526,972,91,494,971,75,538,1001,-32,498,999,-49
484,448,-329,488,439,-316,491,438,-316,494,438,-316,479,442,-318,476,443,-318,473,444,-318,499,444,-210,470,452,-218,492,459,-286,480,462,-289,528,506,-116,455,518,-126,539,600,-47,446,615,-75,553,696,-134,435,708,-159,559,722,-157,428,734,-183,554,724,-192,434,736,-217,551,714,-149,438,727,-174,524,687,3,479,691,-3,523,829,-25,485,831,-30,530,962,88,491,963,74,526,972,92,494,972,78,538,1002,-35,498,1001,-49
484,448,-334,488,439,-321,491,438,-321,494,438,-321,479,442,-322,476,443,-322,473,444,-323,499,444,-215,470,452,-222,492,459,-292,480,462,-294,528,507,-121,455,518,-127,541,602,-50,446,615,-77,559,694,-138,434,708,-165,565,720,-161,427,734,-189,562,722,-196,433,736,-223,559,713,-153,437,727,-179,524,687,2,479,690,-2,523,830,-25,484,831,-27,530,963,85,491,964,85,526,973,89,494,972,88,537,1003,-38,498,1003,-46
484,448,-341,488,438,-328,491,438,-328,494,437,-328,478,442,-329,476,443,-329,473,444,-329,499,444,-221,470,452,-228,492,459,-298,480,462,-300,528,508,-126,455,519,-130,541,602,-55,446,615,-80,562,693,-138,434,708,-168,569,718,-164,427,734,-192,565,720,-197,433,736,-226,561,711,-155,437,727,-182,525,686,1,479,690,-2,523,830,-26,484,831,-27,530,963,88,490,964,89,527,973,92,494,972,92,537,1004,-36,498,1003,-42
484,448,-337,488,438,-324,491,438,-324,494,437,-324,478,442,-325,476,443,-325,473,444,-326,499,444,-217,470,452,-227,492,459,-294,480,462,-297,528,508,-122,455,519,-134,541,602,-54,446,615,-84,562,694,-137,434,708,-167,569,718,-160,427,734,-191,565,721,-195,433,736,-224,561,712,-153,437,727,-182,525,686,3,481,690,-3,523,830,-19,484,831,-27,530,963,94,490,964,87,526,973,98,494,972,91,539,1001,-27,498,1003,-44
484,448,-328,488,438,-315,491,438,-315,494,437,-315,478,442,-316,476,443,-316,473,444,-316,499,444,-209,470,452,-217,492,459,-286,480,462,-288,528,508,-119,455,519,-125,541,601,-53,446,615,-80,560,694,-134,434,708,-160,568,719,-156,427,734,-182,563,721,-191,433,736,-216,559,712,-149,437,727,-175,525,686,2,481,690,-2,524,829,-22,484,831,-26,530,962,91,490,963,88,526,973,94,494,972,92,539,999,-31,498,1001,-41
483,448,-307,488,438,-294,491,438,-294,494,437,-294,478,442,-296,476,443,-296,473,444,-296,499,444,-189,470,452,-198,492,459,-266,480,462,-269,528,508,-100,455,519,-118,541,601,-36,446,615,-73,560,694,-118,435,708,-153,566,719,-141,428,734,-176,561,721,-175,434,736,-209,558,712,-133,438,727,-167,525,686,5,480,690,-5,524,829,-22,484,831,-31,530,962,89,490,963,80,526,973,92,494,972,83,539,998,-32,498,1006,-46
483,448,-287,488,439,-274,491,438,-274,494,437,-274,478,442,-275,476,443,-275,473,444,-275,499,444,-169,470,452,-178,491,459,-246,480,462,-249,528,508,-84,455,519,-98,541,601,-26,445,616,-59,558,694,-113,435,707,-148,562,719,-137,429,734,-173,556,721,-171,436,735,-206,554,712,-127,439,727,-162,524,687,4,479,690,-4,524,829,-23,484,831,-32,529,962,78,491,964,71,525,973,80,494,972,73,538,1001,-46,499,1007,-56
483,448,-293,487,439,-280,491,438,-280,494,438,-280,478,442,-281,476,443,-281,473,444,-281,499,444,-175,470,452,-181,491,459,-252,480,462,-254,528,508,-90,455,519,-100,541,602,-32,445,615,-60,558,693,-116,436,707,-148,562,718,-140,430,734,-173,556,720,-174,436,735,-206,553,712,-130,440,726,-162,524,686,4,479,690,-4,523,829,-24,484,831,-31,528,963,72,491,964,69,524,973,74,494,972,71,537,1004,-51,500,1008,-57
483,448,-295,487,439,-282,491,438,-282,494,438,-282,478,442,-283,476,443,-283,473,444,-283,499,444,-178,470,452,-185,491,459,-254,479,462,-256,528,508,-92,455,519,-101,541,602,-32,445,615,-60,558,693,-115,436,707,-147,562,718,-138,430,734,-172,556,720,-173,437,735,-205,553,711,-130,440,726,-161,524,686,4,479,690,-4,523,828,-24,485,831,-30,528,963,73,492,964,69,524,974,75,494,972,71,536,1005,-50,500,1007,-56
484,448,-293,488,439,-279,491,438,-279,494,438,-279,479,442,-281,476,443,-281,473,444,-281,499,444,-174,470,452,-184,492,459,-251,480,462,-254,528,508,-88,455,519,-102,542,602,-27,445,615,-60,558,693,-115,436,707,-147,562,718,-138,430,734,-172,556,720,-173,437,735,-205,554,711,-130,440,726,-161,524,687,4,479,690,-4,523,828,-25,485,831,-33,527,963,90,492,963,78,524,973,94,494,971,82,534,1006,-29,501,1007,-46
484,448,-295,488,439,-281,491,438,-281,494,438,-281,479,442,-283,476,443,-283,473,444,-283,499,444,-177,471,452,-186,492,459,-254,480,462,-256,528,508,-89,455,520,-102,544,602,-30,445,616,-60,558,693,-116,436,707,-147,563,718,-140,430,734,-172,557,720,-173,437,735,-205,554,711,-130,440,726,-161,524,688,2,480,691,-2,523,829,-25,485,832,-27,527,963,95,492,963,93,524,973,100,494,970,98,533,1007,-24,499,1006,-30
484,448,-288,488,439,-274,491,438,-274,494,438,-274,479,441,-275,476,443,-275,474,444,-276,499,444,-172,471,452,-178,492,459,-247,480,462,-249,529,509,-90,455,520,-98,547,603,-31,445,616,-56,558,693,-118,436,707,-143,564,718,-142,430,734,-168,557,720,-175,437,735,-202,554,711,-132,440,726,-158,525,690,2,480,694,-2,524,831,-24,485,833,-24,527,963,107,492,963,104,524,973,112,494,970,109,533,1008,-11,497,1006,-18
485,448,-280,489,439,-267,492,438,-267,495,438,-267,480,441,-267,477,443,-267,474,444,-267,500,444,-165,471,452,-167,492,459,-241,481,462,-241,530,510,-86,455,520,-87,551,603,-34,445,616,-47,560,692,-141,436,706,-139,566,718,-169,430,733,-165,560,719,-201,437,734,-200,557,710,-156,440,726,-154,526,692,0,480,694,0,524,831,-23,485,833,-20,527,963,101,492,962,101,524,973,105,494,970,105,533,1008,-19,496,1005,-22
485,448,-290,489,439,-277,492,438,-277,495,438,-277,480,441,-276,477,443,-276,475,444,-276,501,444,-181,472,452,-177,493,459,-253,481,462,-251,532,512,-107,455,520,-88,557,603,-48,446,615,-48,568,692,-138,437,699,-132,576,718,-164,431,728,-156,571,720,-197,437,729,-192,566,710,-152,440,722,-148,527,692,-2,480,694,2,524,831,-1,485,833,-5,529,962,113,492,962,108,526,971,116,494,970,111,533,1005,-8,496,1002,-14
486,448,-277,490,439,-263,493,438,-263,496,438,-263,481,441,-263,478,442,-263,475,444,-263,502,445,-162,472,452,-167,493,459,-238,482,462,-240,533,513,-90,455,521,-82,557,603,-41,447,614,-38,571,690,-136,437,693,-122,581,715,-163,431,721,-146,577,718,-197,436,722,-182,572,709,-151,440,715,-138,528,692,-2,481,694,2,525,830,0,486,832,-6,529,962,107,492,962,103,526,971,114,494,970,107,533,1005,-12,496,1001,-20
487,448,-279,491,438,-266,494,437,-266,497,437,-266,482,440,-266,479,441,-266,476,443,-266,503,445,-166,473,451,-171,494,459,-240,483,461,-241,535,515,-89,456,521,-87,558,603,-34,448,610,-35,574,684,-131,434,683,-120,585,711,-157,428,705,-143,582,714,-195,430,704,-181,577,706,-148,434,698,-136,528,690,0,481,690,0,525,827,-3,486,829,-7,530,962,100,491,962,89,527,971,102,494,970,91,536,1003,-28,496,1000,-40
487,448,-277,492,438,-264,495,437,-264,498,437,-264,483,440,-263,480,442,-263,477,443,-263,505,445,-165,475,451,-163,495,459,-239,483,461,-238,537,515,-90,459,521,-69,558,603,-35,458,603,-32,575,683,-131,434,651,-161,586,711,-157,424,664,-189,584,714,-194,423,661,-227,579,706,-147,427,658,-180,530,689,0,481,686,0,527,827,-4,486,827,-10,531,960,99,491,957,90,527,969,101,494,965,92,538,998,-27,494,995,-36
488,449,-263,493,439,-250,496,438,-250,499,438,-250,484,442,-248,481,443,-248,478,444,-248,506,445,-149,476,453,-144,497,460,-225,485,463,-223,539,515,-76,462,522,-53,558,606,-34,461,604,-36,576,684,-132,433,642,-198,588,711,-159,420,653,-230,585,714,-195,418,648,-266,580,706,-148,423,646,-217,532,689,0,483,686,0,529,828,-9,486,827,-14,531,959,91,490,957,81,527,969,93,494,965,83,538,996,-38,494,995,-46
490,451,-250,494,441,-235,498,440,-235,501,440,-235,485,444,-232,482,446,-232,479,447,-232,509,446,-135,478,455,-127,499,462,-212,487,466,-209,544,518,-69,466,525,-40,558,612,-34,467,607,-76,576,691,-123,431,627,-303,588,718,-145,416,636,-341,584,722,-175,413,631,-370,579,713,-136,418,629,-321,539,691,0,489,687,0,533,828,-23,490,827,-65,531,960,77,491,961,16,528,969,78,494,969,17,539,999,-49,495,1001,-117
490,453,-252,495,442,-239,498,441,-239,501,440,-239,485,445,-235,483,446,-235,480,448,-235,509,447,-143,480,456,-130,499,463,-216,487,468,-212,546,520,-70,468,526,-38,559,614,-50,471,610,-69,577,693,-134,431,622,-257,589,720,-157,416,628,-291,585,724,-186,412,622,-323,580,715,-147,417,621,-275,539,692,-2,490,687,2,532,828,-32,490,827,-48,531,960,72,491,961,44,527,970,74,494,969,46,539,999,-51,495,1001,-82
490,452,-143,495,442,-130,498,440,-130,501,439,-130,485,445,-124,483,446,-124,481,448,-124,509,446,-47,480,456,-20,500,463,-111,488,467,-104,547,518,-16,470,526,61,559,613,-28,473,610,4,578,690,-124,431,606,-222,590,718,-150,416,611,-255,586,722,-175,413,607,-284,581,714,-135,418,605,-239,538,692,-5,490,687,5,532,829,-45,489,827,-42,530,961,52,490,963,51,526,971,53,494,972,52,538,999,-71,495,1001,-72
490,452,-168,495,442,-157,498,440,-157,502,439,-157,486,445,-152,483,446,-152,481,448,-152,509,446,-72,481,456,-51,500,463,-135,488,467,-129,547,518,-29,469,525,35,559,613,-23,474,610,3,579,687,-124,431,608,-213,591,715,-151,415,613,-246,588,720,-177,412,608,-277,583,710,-136,418,607,-231,538,692,-5,490,687,5,531,833,-39,489,826,-40,530,963,56,490,962,53,526,972,57,494,971,55,538,1003,-68,495,1001,-68
491,454,-295,495,443,-282,499,442,-282,502,441,-282,487,446,-281,484,448,-281,482,449,-281,509,447,-180,482,456,-177,500,465,-255,488,468,-255,546,518,-107,469,526,-74,559,612,-57,468,610,-39,578,690,-134,432,644,-172,591,718,-155,423,659,-196,588,722,-187,420,658,-233,582,712,-147,423,654,-191,537,692,-3,490,687,3,531,833,-14,489,826,-38,530,963,76,491,962,56,526,972,76,494,971,58,538,1003,-57,495,1001,-69
492,454,-283,496,444,-270,499,443,-270,502,442,-270,488,447,-269,485,448,-269,482,449,-269,509,449,-175,482,457,-176,501,465,-246,488,468,-246,543,519,-107,465,527,-91,556,612,-65,459,615,-42,578,686,-162,442,698,-118,590,710,-187,437,727,-138,587,712,-221,442,729,-171,582,706,-178,446,719,-132,537,692,-3,489,688,3,531,833,-16,489,826,-21,530,963,68,491,961,70,526,972,69,494,970,71,538,1002,-55,494,998,-47
492,454,-254,496,444,-241,500,443,-241,503,443,-241,488,447,-243,485,448,-243,482,449,-243,509,449,-149,481,457,-170,501,465,-218,488,468,-221,540,519,-89,462,526,-70,554,610,-65,455,616,-26,578,671,-205,445,706,-99,589,693,-238,440,736,-121,586,693,-271,447,738,-155,580,687,-222,450,727,-114,537,692,-4,488,690,4,530,832,-17,489,828,-15,530,964,61,491,961,72,526,973,61,494,970,73,538,1004,-61,493,998,-46
490,452,-181,494,441,-167,497,441,-167,500,440,-168,485,444,-168,483,445,-168,480,446,-168,506,447,-73,479,454,-77,497,463,-145,486,465,-146,533,519,-16,458,521,-15,542,598,-62,448,613,11,562,610,-232,444,702,-64,571,619,-270,437,729,-85,571,613,-295,442,731,-115,566,610,-248,446,722,-77,528,689,-3,480,690,3,529,828,-31,488,827,-17,530,964,37,491,961,68,526,973,37,494,970,69,538,1001,-90,494,997,-47
487,450,-131,492,440,-115,495,439,-115,498,439,-115,483,442,-116,481,443,-116,479,444,-116,504,446,-18,477,453,-21,495,461,-94,484,463,-95,531,518,32,456,520,36,544,598,-64,444,612,49,564,565,-287,441,702,-18,570,555,-332,436,728,-36,569,547,-341,439,730,-63,565,549,-298,443,721,-30,524,688,-3,477,689,3,528,827,-32,487,827,-16,530,964,49,491,962,74,526,973,50,495,970,76,538,1001,-76,496,999,-40
483,451,-93,486,441,-78,489,440,-78,492,439,-78,478,444,-76,476,445,-76,474,446,-76,498,446,9,472,454,19,489,462,-60,479,464,-57,528,518,36,453,523,77,535,602,-84,440,615,83,550,538,-286,431,708,12,552,523,-328,426,734,-3,556,518,-332,428,737,-30,553,522,-294,433,727,0,520,687,-11,474,689,11,524,823,-52,484,827,-17,530,964,37,492,963,73,527,973,40,496,971,76,536,1001,-84,496,1000,-37
482,454,-65,485,444,-49,488,444,-49,491,443,-49,477,447,-48,475,448,-48,472,449,-48,496,449,38,469,456,39,488,464,-33,478,466,-32,526,520,52,450,526,93,531,605,-75,439,619,99,542,532,-262,426,712,40,544,515,-302,420,740,26,549,510,-304,423,743,-1,545,516,-269,427,732,27,518,688,-13,470,691,13,522,824,-50,481,830,-14,530,964,44,492,964,82,527,973,47,498,972,86,534,1002,-78,496,1000,-20
479,457,-78,482,446,-64,485,446,-64,488,445,-64,474,450,-62,471,451,-62,468,452,-62,494,450,24,465,458,30,486,466,-44,475,469,-43,524,521,47,447,527,91,524,605,-76,439,620,98,540,535,-271,427,714,33,543,520,-314,421,740,18,549,516,-316,424,742,-8,545,520,-279,428,732,20,516,687,-15,468,691,15,519,823,-48,479,830,-9,530,963,28,493,964,80,527,972,30,499,972,83,534,1002,-91,495,1000,-26
477,457,-64,481,446,-48,484,445,-48,486,445,-48,472,449,-46,469,451,-46,467,452,-46,492,450,41,464,458,46,484,466,-31,473,469,-29,521,521,55,446,527,109,522,605,-78,438,620,119,538,534,-289,428,711,50,540,518,-334,421,737,34,545,515,-336,424,738,8,541,519,-297,428,729,37,514,684,-20,467,690,20,517,821,-54,479,829,-5,530,963,11,493,964,78,528,972,12,499,972,80,534,1002,-111,494,999,-30
476,456,-47,480,446,-31,483,445,-31,486,445,-31,471,449,-30,468,451,-30,466,452,-30,491,450,58,462,458,60,483,465,-14,472,468,-13,520,520,72,444,526,121,522,605,-62,437,620,130,537,529,-260,429,709,63,539,512,-303,422,735,46,544,509,-310,425,737,20,541,514,-269,429,727,50,513,681,-21,467,688,21,518,820,-53,479,828,-7,530,960,19,493,963,75,528,971,21,499,971,77,534,1000,-100,494,998,-32
474,456,-91,478,446,-76,481,445,-76,484,445,-76,469,449,-75,466,451,-75,464,452,-75,490,450,14,461,458,21,481,465,-57,470,469,-55,522,520,44,445,526,85,524,605,-80,438,619,94,541,538,-290,428,709,20,544,527,-334,422,735,3,548,523,-337,425,737,-23,544,526,-298,429,727,7,514,681,-19,468,687,19,517,818,-53,479,826,-8,530,959,27,493,962,75,527,970,29,499,971,77,533,998,-95,493,998,-33
474,456,-81,478,446,-66,481,445,-66,484,445,-66,469,449,-64,466,451,-64,464,452,-64,490,450,24,461,459,33,482,466,-46,471,469,-44,522,519,58,445,526,95,527,606,-67,438,619,105,542,541,-270,428,709,36,546,531,-313,421,736,20,549,526,-318,426,739,-6,545,529,-278,429,728,24,515,681,-19,469,687,19,517,819,-53,479,826,-14,529,959,28,493,963,69,526,970,30,499,971,71,533,998,-93,493,999,-42
475,456,-189,479,446,-175,482,445,-175,485,445,-175,470,449,-173,467,450,-173,464,452,-174,491,450,-77,461,458,-69,483,466,-152,471,469,-150,523,518,-20,445,525,0,532,592,-95,438,616,23,542,564,-304,430,706,-53,547,565,-347,425,732,-75,548,558,-363,430,733,-103,544,558,-318,433,725,-65,515,682,-18,469,688,18,518,819,-51,478,826,-10,529,955,44,493,962,85,526,968,46,499,970,88,533,994,-88,493,999,-34
483,452,-70,486,442,-47,488,442,-47,491,442,-47,478,444,-50,474,444,-50,471,445,-50,495,449,65,465,453,53,488,463,-29,477,464,-32,525,513,95,445,525,97,570,557,42,438,616,-18,552,593,-99,444,560,-250,550,613,-138,448,549,-297,549,611,-150,451,528,-300,545,605,-106,452,532,-257,521,681,-7,472,687,7,520,819,-71,480,825,-44,529,957,20,493,962,42,526,969,22,497,970,43,534,994,-114,494,997,-85
486,450,-97,489,441,-63,491,441,-63,494,441,-63,481,442,-70,478,442,-70,474,443,-70,499,449,28,469,451,30,491,462,-44,480,462,-52,527,508,61,448,525,82,580,547,12,437,614,-42,552,603,-103,452,541,-268,547,623,-137,457,529,-314,542,620,-147,458,513,-313,542,614,-108,458,518,-273,523,681,-7,475,685,7,523,819,-64,481,824,-35,529,959,24,492,962,46,526,972,26,497,970,47,534,995,-107,494,996,-68
494,450,-72,497,441,-49,500,441,-49,503,442,-49,489,442,-50,486,442,-50,483,443,-50,507,449,53,477,451,50,498,462,-33,488,462,-35,532,509,74,454,526,107,585,553,23,446,614,-1,557,606,-100,450,526,-212,548,624,-136,444,505,-256,544,619,-144,440,499,-260,543,614,-105,445,505,-220,529,680,-8,480,685,8,526,819,-63,482,825,-31,529,959,10,492,962,39,526,972,10,497,972,38,535,995,-118,492,997,-80
497,450,-60,501,442,-38,505,442,-38,508,443,-38,493,442,-39,490,443,-39,486,443,-39,511,451,64,481,451,60,501,462,-23,490,462,-24,535,511,82,456,530,112,584,560,34,452,617,5,558,609,-86,450,536,-212,549,625,-121,439,516,-256,544,620,-128,434,512,-261,544,616,-90,439,518,-220,531,683,-6,481,687,6,528,826,-66,483,828,-39,529,960,14,492,964,43,526,973,11,496,974,44,535,997,-111,495,999,-76
499,450,-48,504,443,-30,508,443,-30,511,444,-30,496,442,-28,493,443,-28,490,443,-28,515,452,58,486,452,69,504,463,-16,494,462,-13,542,511,69,465,532,130,590,560,20,457,617,32,559,612,-89,448,537,-179,549,628,-121,436,518,-220,544,621,-127,432,513,-224,544,617,-92,437,519,-187,536,680,-11,487,684,11,532,824,-83,486,824,-39,530,960,-8,493,964,23,526,972,-8,497,974,23,534,1002,-130,496,1002,-91
500,449,-53,505,442,-37,509,442,-37,512,443,-37,497,442,-33,494,442,-33,491,443,-33,518,451,45,489,451,62,506,462,-23,495,461,-18,546,510,51,470,532,125,592,557,8,462,616,32,561,611,-101,446,529,-187,553,627,-131,436,508,-227,545,621,-139,433,504,-230,546,617,-104,438,510,-194,536,680,-16,486,683,16,531,822,-84,486,820,-37,530,960,-7,493,963,23,527,971,-6,496,972,23,534,1002,-126,496,1002,-86
501,450,-47,507,443,-30,510,443,-30,513,444,-30,499,442,-27,496,443,-27,493,443,-27,518,452,53,489,451,68,507,463,-17,496,461,-12,546,510,52,469,531,127,590,557,2,463,615,32,560,613,-104,446,530,-181,551,628,-134,439,509,-221,543,621,-140,436,504,-224,545,617,-106,441,511,-189,536,680,-18,486,683,18,531,820,-95,487,819,-37,531,960,-28,493,963,10,527,971,-28,496,972,9,532,1002,-148,495,1002,-97
505,455,-33,510,449,-14,513,449,-14,516,450,-14,502,448,-12,499,448,-12,496,448,-12,520,458,74,491,454,80,509,469,-2,498,467,0,546,515,80,467,532,129,593,560,27,460,618,34,559,616,-84,445,536,-169,550,631,-116,439,516,-208,542,623,-121,437,510,-214,545,619,-87,441,517,-177,537,680,-18,485,683,18,532,818,-112,487,817,-48,531,959,-67,493,963,-21,527,970,-68,496,972,-24,531,1001,-189,495,1002,-132
504,459,-41,510,452,-21,513,453,-21,516,454,-21,502,451,-19,499,451,-19,496,451,-19,521,462,68,492,457,76,509,472,-9,498,470,-7,546,518,78,467,535,130,596,561,23,460,623,40,559,617,-97,445,542,-168,548,632,-129,437,523,-208,540,625,-132,436,517,-210,543,621,-99,440,523,-174,539,680,-17,487,683,17,533,818,-111,487,817,-59,531,959,-67,493,963,-29,527,970,-68,496,972,-32,531,999,-191,494,1001,-145
503,459,-48,508,452,-26,511,453,-26,514,453,-26,500,451,-27,498,450,-27,495,451,-27,519,461,79,492,457,70,508,471,-10,497,469,-12,545,519,92,461,534,124,591,561,-4,432,616,16,555,591,-208,432,564,-209,547,615,-255,431,560,-252,535,612,-256,433,529,-256,535,604,-212,436,532,-216,538,680,-16,486,684,16,533,817,-102,487,819,-52,530,959,-51,493,964,-8,526,970,-56,496,974,-9,531,999,-167,494,1005,-120
489,452,-89,493,442,-71,496,442,-71,499,442,-71,485,443,-71,482,444,-71,479,445,-71,505,448,43,475,452,37,496,463,-45,485,464,-47,536,507,85,454,521,94,572,556,11,410,580,10,556,593,-175,433,584,-189,551,615,-222,442,596,-231,541,611,-232,446,589,-240,540,604,-183,443,584,-197,535,680,-11,484,684,11,531,821,-69,487,822,-47,530,964,18,493,965,40,526,973,18,496,974,41,531,1006,-123,495,1006,-93
483,449,-83,485,439,-66,488,438,-66,491,437,-66,477,442,-66,474,443,-66,471,445,-66,497,443,37,468,452,37,490,459,-43,479,462,-43,530,496,91,452,514,91,563,551,55,404,571,51,557,596,-131,431,596,-94,555,619,-179,440,619,-129,548,617,-213,445,617,-142,546,611,-146,443,609,-101,533,675,-4,483,680,4,530,819,-60,487,822,-50,530,964,11,493,965,9,526,975,16,496,974,8,533,1005,-139,497,1005,-125
471,455,-72,472,445,-57,474,443,-57,477,442,-58,464,450,-52,462,452,-52,459,454,-52,482,444,43,457,463,60,479,462,-33,470,470,-28,526,503,101,448,518,109,541,592,37,414,582,46,554,541,-131,432,607,-123,555,530,-177,439,625,-161,552,523,-186,444,621,-170,550,526,-142,443,615,-130,527,674,-4,476,677,4,526,815,-63,482,822,-49,529,962,-19,492,964,10,526,973,-19,496,973,9,534,1001,-159,497,1002,-117
463,456,-18,463,445,-1,465,444,-1,468,442,-1,456,451,3,453,453,3,450,456,3,474,445,94,449,465,112,472,462,17,463,472,22,521,503,131,443,520,144,538,584,32,420,587,52,549,522,-130,432,604,-130,549,509,-172,435,620,-167,550,503,-174,441,615,-176,548,507,-138,441,611,-139,524,671,-6,473,675,6,522,809,-85,480,819,-42,529,961,-50,492,964,3,526,972,-53,496,973,0,534,1000,-186,495,1007,-118
460,456,-53,460,445,-38,463,444,-38,466,442,-39,453,451,-28,450,454,-28,447,456,-28,472,445,57,446,465,88,469,462,-17,459,472,-2,519,505,117,441,522,144,542,588,-23,421,590,20,547,513,-182,429,599,-182,548,501,-219,427,611,-219,550,494,-217,431,605,-225,548,499,-186,433,601,-191,523,673,-6,470,675,6,522,813,-65,480,820,-27,529,961,4,492,963,48,527,972,4,496,972,49,535,997,-129,494,1009,-75
459,458,-70,460,447,-56,462,445,-56,465,443,-56,452,453,-47,449,456,-47,446,459,-47,473,445,41,445,468,82,469,463,-33,458,474,-21,520,508,107,441,527,127,538,595,-23,425,600,12,544,518,-179,424,599,-190,545,500,-216,422,607,-226,547,493,-213,429,601,-234,545,499,-182,426,598,-200,523,676,-6,471,680,6,523,815,-55,480,822,-25,529,960,27,492,960,61,527,971,29,496,969,63,535,997,-100,494,1001,-58
460,463,-105,460,451,-92,463,450,-92,466,448,-92,453,459,-84,450,462,-84,447,465,-84,473,449,0,446,475,37,469,469,-69,459,480,-58,521,513,53,442,537,97,544,609,-67,440,618,8,543,530,-240,417,598,-201,544,511,-277,412,606,-236,546,504,-274,411,600,-247,544,511,-244,416,596,-213,522,682,-6,470,686,6,523,821,-59,478,826,-27,529,960,40,492,959,84,527,970,44,496,968,90,535,997,-81,494,999,-26
461,463,-161,461,452,-150,464,450,-150,467,448,-150,454,459,-141,451,462,-141,448,465,-141,474,450,-56,446,475,-16,471,470,-124,460,481,-113,523,515,15,443,539,48,545,617,-99,444,623,-50,544,535,-284,418,597,-273,543,515,-320,414,605,-309,545,506,-315,412,600,-317,543,514,-287,418,594,-284,522,685,-5,470,688,5,523,824,-62,477,830,-28,529,960,49,492,959,99,528,971,54,497,968,106,534,1003,-77,494,999,-16
461,456,-59,463,446,-41,467,445,-41,470,443,-41,454,452,-40,452,454,-40,449,457,-40,476,448,61,448,467,66,472,465,-21,462,474,-20,523,513,93,444,532,96,550,565,-66,440,599,-36,548,541,-259,420,593,-219,556,553,-310,417,603,-256,550,545,-314,417,598,-267,544,535,-267,421,594,-229,522,683,-5,470,686,5,523,824,-72,477,829,-39,529,962,21,492,959,53,528,973,22,497,968,54,534,1006,-123,494,999,-82
472,452,-49,476,442,-28,479,441,-28,481,441,-29,467,445,-28,463,446,-28,460,448,-28,487,447,77,456,457,78,480,462,-10,468,467,-10,523,509,95,444,527,127,564,550,-46,428,593,23,554,566,-268,409,600,-205,555,587,-324,403,608,-244,549,578,-333,405,602,-259,544,572,-278,410,600,-215,523,683,-9,471,686,9,523,824,-72,479,829,-34,530,970,-4,492,960,43,529,982,-7,497,969,42,535,1014,-148,495,999,-87
476,449,-58,480,440,-39,484,439,-39,486,439,-39,471,442,-38,468,443,-38,465,444,-37,492,446,67,460,452,70,484,460,-19,471,463,-18,524,507,93,444,524,120,573,547,-44,424,592,23,554,580,-254,409,601,-207,554,597,-308,407,607,-252,546,591,-314,410,601,-269,544,585,-261,413,598,-219,523,682,-9,472,686,9,523,824,-65,480,829,-34,530,971,-2,492,962,38,529,983,-4,497,971,37,535,1015,-144,496,1013,-94
483,448,-62,486,439,-44,489,439,-44,492,439,-44,478,441,-40,475,441,-40,471,442,-40,496,446,60,466,450,59,489,459,-24,478,460,-20,526,506,92,447,522,118,572,554,-38,425,593,40,555,589,-251,404,608,-180,553,608,-306,396,612,-227,546,603,-315,398,607,-260,544,597,-260,401,606,-197,523,681,-9,474,685,9,524,824,-55,481,829,-34,530,970,-1,492,962,36,529,983,-2,497,971,34,535,1014,-141,496,1007,-91
485,448,-64,489,439,-45,492,439,-45,495,439,-45,480,440,-43,477,440,-43,474,441,-43,499,446,62,468,449,55,491,459,-26,480,459,-20,527,506,91,447,522,111,573,555,-26,426,593,40,556,590,-245,407,606,-187,553,609,-298,400,611,-234,546,605,-305,401,605,-258,545,599,-253,406,604,-202,523,681,-7,474,685,7,525,826,-49,481,830,-34,530,970,11,491,962,37,528,982,9,496,971,36,535,1009,-124,496,1004,-90
486,448,-64,489,439,-43,492,439,-43,496,439,-44,481,440,-44,478,440,-44,475,441,-44,501,446,65,469,449,55,491,459,-24,480,459,-23,528,507,96,447,522,110,575,555,-1,426,595,35,556,590,-221,408,605,-186,553,609,-278,401,609,-234,546,605,-285,402,604,-255,545,600,-229,407,604,-200,524,681,-5,475,685,5,526,826,-50,482,830,-34,531,970,18,491,961,41,528,982,17,495,971,41,536,1012,-114,495,1002,-85
486,448,-66,489,439,-45,492,439,-45,495,439,-45,481,440,-45,478,440,-45,474,441,-45,500,447,63,468,449,51,491,459,-26,480,460,-29,528,507,96,446,526,99,577,552,-7,419,601,-3,556,589,-212,416,596,-212,553,611,-263,427,593,-258,545,608,-269,428,589,-266,544,602,-219,425,591,-220,525,682,-5,475,686,5,527,830,-48,482,832,-31,531,970,40,490,961,58,528,982,42,495,971,60,536,1005,-89,495,1000,-65
486,446,-43,489,438,-20,491,438,-20,495,438,-20,480,439,-23,477,440,-23,474,441,-23,499,446,91,468,449,76,492,457,-2,481,458,-6,528,507,130,448,523,100,578,551,70,421,593,-27,556,600,-62,470,530,-214,551,621,-102,484,519,-257,543,616,-105,484,514,-264,543,609,-66,480,517,-216,527,679,6,476,682,-6,528,829,-55,483,830,-62,531,970,31,490,963,13,528,981,31,495,973,14,540,1004,-92,499,1015,-119
486,446,-46,489,438,-23,491,438,-23,494,437,-23,480,439,-25,477,440,-25,473,441,-25,499,444,88,468,450,79,492,456,-6,481,459,-8,530,507,124,453,520,99,581,553,58,422,575,-41,556,605,-58,483,511,-208,551,624,-97,497,498,-252,542,619,-99,497,493,-247,542,613,-61,493,498,-216,529,679,8,476,680,-8,529,829,-56,483,830,-63,531,969,41,490,965,22,528,981,43,494,974,23,543,1008,-91,499,1020,-110
496,446,1,498,438,27,500,438,27,503,438,27,491,439,16,488,440,16,485,441,16,504,446,148,478,449,100,500,456,46,491,459,32,530,513,183,457,510,52,565,558,37,465,514,-159,562,600,-160,525,474,-296,556,616,-204,538,468,-339,550,611,-211,542,463,-325,551,606,-170,535,466,-294,529,678,33,478,680,-33,533,823,-20,487,828,-73,533,965,45,491,965,-17,529,978,45,494,974,-18,550,1000,-74,500,1009,-144
503,446,9,504,438,34,506,439,34,508,439,34,498,439,22,495,440,22,492,441,22,507,449,152,484,449,97,505,457,53,497,459,36,530,521,190,463,508,34,558,580,50,482,482,-165,566,598,-154,545,457,-258,563,604,-197,563,448,-297,559,604,-205,571,441,-290,560,602,-165,562,448,-256,531,678,38,482,679,-38,536,822,-14,490,827,-77,534,959,50,491,965,-24,529,973,50,494,974,-25,550,995,-63,499,1001,-148
517,446,-15,517,438,7,519,439,7,520,439,7,512,440,16,509,440,16,506,441,16,517,448,122,498,446,54,519,458,26,512,459,35,533,520,171,479,494,-22,558,571,54,519,463,-198,568,592,-143,571,426,-246,567,603,-181,588,417,-273,567,597,-189,590,418,-257,566,594,-153,583,424,-242,534,681,55,489,679,-55,538,819,19,494,821,-69,534,952,93,491,954,-17,528,966,94,491,966,-17,550,989,-7,500,991,-108
530,456,-19,526,446,-9,526,446,-9,526,446,-9,524,445,-33,522,445,-33,519,445,-33,520,451,68,511,448,-41,529,465,12,526,464,-21,527,517,158,494,486,-118,535,588,168,539,450,-286,561,650,123,592,414,-305,565,669,122,608,410,-332,563,669,97,610,410,-308,562,662,111,605,414,-296,537,681,69,506,678,-69,540,813,46,509,806,-109,522,948,114,489,945,-77,511,962,116,480,962,-78,535,980,41,499,984,-180
538,461,9,533,450,16,533,450,16,532,450,16,532,450,-17,531,449,-17,530,449,-17,524,453,70,521,450,-70,536,469,32,535,468,-15,519,516,165,511,490,-154,523,589,308,557,452,-260,556,628,351,616,394,-273,568,651,371,633,378,-322,562,641,337,633,374,-267,561,637,338,628,379,-271,538,685,92,522,683,-92,551,804,69,535,801,-126,519,939,130,489,927,-75,510,950,133,471,936,-73,532,973,74,501,975,-150
540,461,24,534,451,29,533,451,29,533,451,29,534,451,-4,533,450,-4,532,450,-4,525,454,72,524,451,-73,538,470,44,538,468,-2,513,519,171,518,492,-163,522,591,332,564,449,-282,555,625,404,621,386,-296,568,641,433,636,368,-331,562,636,398,635,364,-301,560,632,392,631,369,-286,539,690,98,532,689,-98,554,804,92,543,802,-123,518,935,156,491,930,-72,509,945,159,472,937,-70,532,972,107,503,975,-140
539,461,61,532,451,64,531,451,64,530,451,64,532,451,33,532,451,33,531,451,33,522,454,83,525,452,-46,537,470,74,538,469,33,508,521,167,524,490,-138,527,589,278,570,453,-247,555,625,329,610,386,-282,566,641,352,616,367,-304,563,639,323,613,362,-265,561,636,318,612,369,-267,540,686,96,538,687,-96,565,800,76,567,802,-123,520,911,124,514,922,-100,506,923,126,493,933,-99,536,958,82,542,973,-157
541,456,123,533,447,129,532,447,129,531,447,129,533,447,99,532,447,99,532,447,99,524,452,151,527,451,11,541,464,136,541,463,97,513,510,207,528,489,-85,534,587,263,584,448,-86,556,641,241,586,400,64,565,660,239,591,385,61,562,661,222,605,387,57,560,656,230,592,393,66,544,674,91,545,671,-92,575,796,41,579,799,-173,544,923,12,543,925,-214,524,935,8,522,947,-220,574,960,-33,574,974,-292
544,453,105,536,445,110,535,445,110,534,445,110,536,446,81,536,446,81,536,446,81,528,451,132,531,450,7,544,462,117,544,461,79,515,507,190,535,489,-95,537,585,231,593,439,-89,555,651,209,577,399,98,567,666,210,579,388,102,563,670,195,575,392,97,561,664,199,576,397,100,549,673,93,550,671,-93,571,799,47,582,800,-137,542,929,33,547,933,-150,525,945,29,529,956,-153,573,965,-19,590,975,-221
552,452,73,543,444,72,541,444,72,540,445,72,547,444,48,548,444,48,549,444,48,532,451,61,544,449,-51,549,461,84,553,460,52,515,512,117,559,488,-133,528,496,221,607,424,-144,543,475,321,564,404,-66,542,439,339,551,398,-74,540,441,333,546,402,-78,549,477,319,551,407,-65,548,692,86,569,688,-87,566,807,72,602,804,-68,541,940,68,602,955,-106,524,960,66,590,975,-120,572,966,52,625,975,-137
560,449,121,551,443,109,548,443,109,546,444,109,557,441,86,558,441,86,560,440,86,539,451,75,556,445,-31,556,459,116,563,457,85,515,519,109,574,482,-122,522,568,199,620,422,-150,544,588,266,566,406,-71,547,597,284,553,401,-73,544,594,272,549,406,-69,550,590,262,553,411,-68,552,695,82,587,688,-82,575,808,77,606,810,-52,544,940,87,600,962,-60,528,959,87,590,981,-63,567,968,76,628,975,-95
566,449,120,557,443,111,555,443,111,552,444,111,563,441,87,565,440,87,566,439,87,546,451,77,562,444,-26,563,459,119,569,457,88,516,523,127,581,479,-105,523,543,259,629,421,-87,536,519,402,573,406,52,537,515,430,556,400,56,540,513,423,549,406,52,543,515,402,558,411,55,559,695,85,593,687,-85,593,808,96,614,811,-103,571,946,112,580,959,-132,550,959,111,563,978,-134,592,970,102,598,975,-150
574,449,92,566,443,91,564,443,91,563,444,91,568,441,81,568,440,81,568,440,81,555,450,82,561,444,-37,571,459,105,574,458,75,524,525,129,574,481,-121,525,587,209,626,429,-103,542,638,339,578,410,96,547,652,423,563,403,106,549,656,383,556,407,103,549,652,328,564,412,101,567,695,87,588,687,-88,600,809,82,608,811,-84,575,944,106,575,958,-81,553,959,107,559,977,-80,596,968,85,595,975,-109
573,449,67,567,443,70,565,443,70,564,443,70,568,441,42,567,440,42,567,440,42,556,450,78,560,444,-53,572,459,78,573,458,37,526,530,122,569,482,-135,527,613,165,623,429,-117,546,687,173,576,412,76,553,708,182,563,405,84,551,714,168,556,408,82,549,707,164,564,413,80,569,695,90,583,687,-90,599,809,85,602,811,-74,569,942,123,575,957,-47,560,970,125,560,977,-46,595,968,95,601,975,-96
566,455,119,561,447,125,560,447,125,559,447,125,561,447,98,561,446,98,560,446,98,552,454,146,554,451,21,564,465,131,565,464,95,531,527,196,564,484,-64,532,602,273,610,434,-26,548,651,300,571,412,198,555,664,311,557,405,211,554,667,294,552,412,208,552,663,292,557,419,203,566,694,88,575,681,-89,591,809,27,594,811,-142,566,953,5,580,957,-187,551,968,1,556,977,-192,587,970,-40,607,975,-253
563,467,97,558,457,101,557,457,101,557,456,101,559,456,75,558,455,75,558,455,75,549,464,126,551,461,7,562,475,109,562,473,75,530,536,183,553,490,-64,535,608,265,605,436,-79,556,655,301,566,413,88,564,668,314,553,407,91,564,671,295,548,418,92,561,666,292,551,424,92,564,695,88,567,684,-88,588,812,19,590,811,-149,570,963,13,562,951,-161,559,986,9,543,974,-163,590,973,-40,605,976,-226
572,469,2,569,456,8,568,456,8,567,455,8,569,456,-18,568,455,-18,567,455,-18,557,463,52,555,460,-73,566,477,22,565,476,-14,531,522,131,532,493,-133,523,501,259,560,453,-302,533,510,403,537,450,-412,532,518,434,531,455,-442,536,519,420,532,458,-432,538,517,400,533,459,-410,548,693,88,542,685,-89,562,816,66,564,819,-95,551,962,91,572,956,-104,540,982,88,558,977,-111,586,971,34,614,976,-192
569,467,-19,565,455,-11,564,455,-11,563,454,-11,565,455,-36,564,454,-36,563,454,-36,556,462,49,552,458,-70,562,475,6,559,475,-28,538,511,97,520,493,-100,552,531,79,514,495,-226,546,543,-47,514,472,-342,542,594,-64,513,472,-377,540,579,-79,514,469,-373,539,570,-56,514,470,-344,545,687,63,522,684,-63,546,815,28,535,814,-97,541,960,53,542,956,-70,535,978,49,537,976,-74,574,971,-37,568,973,-187
